1704315
2213841
1690465
1673684
2306638
1700873
2269643
2306630
2307323
2306598
2299189
2155591
1689512
1685950
1673681
1673682
1698068
1684229
2299625
1999577
1996981
2301738
2177257
2301739
2177930
2301737
2178863
1709718
1970623
2290815
2241503
1694653
2305419
2020119
1671712
2306867
2305416
2230979
1700901
1686636
1669913
2230970
1700906
1672851
1997215
1721390
1677105
1721396
1917666
1671924
2269625
2175789
1721398
2175788
1685931
2229814
2306534
1687831
1681851
1679643
1651670
2019717
2272000
1997058
1688355
1724556
1703073
1666180
2153006
1718446
2307335
1964968
1682890
2307579
2297350
1704290
2307971
1698792
2214162
566299
1970680
2290846
1673643
2153133
1915661
2047881
1689830
2049709
2151512
2306432
1964958
1710073
804038
1964954
1718879
1683850
1711324
2306790
2240617
1677680
2172162
2240616
1664384
1677975
2175791
2172163
2002748
2305615
2271637
2269459
1690017
1686034
1679638
2174347
1677293
2306388
1684259
2307357
2297255
1911742
1615417
2297770
1685189
2299155
1997000
2071739
1669559
1674062
1656292
2211366
2069894
2048316
2209564
1689490
2030869
2071055
1698766
1670111
2307705
387164
2306612
2289952
1702596
1712150
2306577
2306610
2030877
1671680
1668953
2030875
1916380
1673998
2306609
2209976
1675135
1693229
1916005
1691962
1701895
2155585
1970647
1702904
2306721
2300460
2297671
1709140
2271744
2299331
1685202
2209978
2016877
1641024
1712148
1668965
1718883